ID,y
1,79.10067
2,94.51353
3,79.337204
4,77.359955
5,108.82602
8,92.75354
10,107.34281
11,95.16309
12,116.466866
14,93.249306
15,116.59844
16,103.25787
17,97.024185
19,96.56956
20,104.556046
21,96.35841
22,116.80374
23,97.00434
26,100.53009
28,99.25999
29,97.00434
33,97.00434
35,94.958374
41,96.55766
42,95.97861
43,115.02554
45,101.665245
46,103.26349
51,94.12731
53,81.9657
55,114.29386
56,95.34915
57,108.475624
58,97.74202
59,102.35341
63,104.95948
64,97.437
65,106.53752
69,94.705536
71,97.48599
72,98.882095
73,94.722664
76,109.03559
77,102.916374
78,116.43214
82,93.9766
83,106.53752
84,94.28407
85,99.920815
87,110.38115
88,96.55766
89,111.50357
91,94.00827
93,94.72356
94,106.599266
95,93.67316
96,108.6566
97,94.0517
98,108.784454
99,93.99864
101,101.96337
103,111.50357
104,93.65804
105,110.63929
110,99.855225
111,106.87968
113,111.11707
114,93.61046
115,110.03295
117,111.50357
120,96.41557
121,112.5329
122,97.29268
123,111.05578
126,113.2839
132,110.30481
135,106.47603
137,105.70409
138,99.20927
140,95.80281
142,107.641914
144,111.38768
148,94.33139
149,109.37783
155,97.604866
156,110.97578
157,94.0517
162,111.77178
163,93.41192
167,93.576355
172,115.02554
179,108.630775
180,100.380615
181,109.343544
182,101.20826
183,111.50357
185,111.50357
187,113.11243
188,93.56894
189,95.91406
191,95.31961
192,101.45642
193,94.82522
194,110.10199
195,93.08699
196,113.02114
198,103.15595
199,110.242935
201,104.48009
204,99.49501
205,103.40886
206,102.4981
210,95.0792
211,101.96337
216,111.148056
219,116.375946
220,96.43274
221,101.21009
226,109.343544
227,96.59607
228,110.271255
230,109.85348
231,94.0517
235,116.21265
236,96.159454
238,108.81586
242,105.59187
243,93.033676
244,79.54653
245,113.88442
247,109.63718
248,88.372375
249,103.29231
250,111.87702
251,96.159454
253,116.21265
254,92.73704
256,95.85863
257,93.46955
258,109.45809
259,93.999626
262,90.596664
266,94.09829
267,109.406204
272,102.70844
273,111.50357
275,99.8783
276,113.35914
279,94.36788
280,106.53752
283,91.296196
285,110.302124
288,111.50357
289,96.70656
290,104.48009
291,99.651146
292,108.59779
293,115.37437
296,100.37918
297,111.28472
298,116.43214
299,93.531
304,93.84958
305,84.07737
306,94.33701
307,109.67744
311,104.10297
313,109.82967
314,93.94554
316,94.95143
324,95.45704
327,94.88947
329,93.93899
330,110.40363
337,106.64228
338,99.640526
339,107.03378
340,95.7977
343,92.0231
345,116.59844
346,93.29548
347,108.90171
349,105.668594
350,93.17636
352,106.96735
353,91.13702
354,79.49716
357,93.59711
358,109.96423
362,112.85387
364,100.935936
365,101.800705
366,95.50409
367,110.79229
368,95.92331
370,80.039406
373,94.07654
377,94.01105
378,115.95717
382,109.03559
384,110.271255
390,93.125656
392,108.918304
393,110.12274
395,95.36806
396,106.66658
399,78.91348
406,109.82967
408,109.82967
409,92.9784
410,77.75335
412,109.53698
413,92.227165
419,93.18979
420,109.4289
421,91.66419
430,104.3876
434,94.78464
436,94.565475
437,95.32134
438,93.644035
439,110.0161
440,95.21544
443,111.546005
446,96.07966
448,95.16886
452,94.842865
453,106.81894
457,106.73315
458,95.290886
459,115.25448
460,102.35279
462,104.03666
464,100.95321
465,116.466866
467,109.59344
471,107.89666
472,78.43231
473,96.38684
475,95.27154
480,96.234665
488,113.66344
490,109.67744
491,100.69625
492,79.92185
493,94.52714
497,91.63182
498,110.683846
499,94.936775
500,103.63191
501,95.31191
502,110.10894
506,81.75116
510,113.75034
511,91.355545
512,93.72491
516,95.08802
518,92.647995
519,110.70688
521,92.84498
522,112.347145
526,110.84143
529,106.44069
532,111.823
533,95.219124
536,112.89156
537,93.10909
539,93.27834
540,103.06399
541,94.33858
543,95.91406
546,109.53683
547,95.66651
548,81.00964
551,93.348694
552,104.41001
556,104.148315
557,98.22137
558,110.79229
559,97.67947
560,104.07115
562,103.5502
566,95.216934
570,110.683846
571,95.32134
572,106.53752
573,93.531
575,116.466866
576,109.19182
577,92.65936
579,91.97853
580,111.14158
581,110.387115
589,109.67744
591,100.39891
593,94.68342
594,105.625565
595,94.227036
598,93.348694
602,112.512344
604,110.65367
606,103.61386
608,95.32648
609,101.96337
610,94.78454
616,109.03107
617,94.761604
618,98.03825
620,104.39138
622,108.66011
623,92.42157
624,104.45761
626,111.12882
628,112.21456
629,93.59267
630,109.85348
637,98.3089
638,107.45691
643,95.81985
645,96.234665
646,111.40544
648,97.17853
652,95.07196
653,95.10294
654,110.683846
656,110.97055
657,94.56085
659,97.928734
660,108.59007
663,92.65926
664,108.004234
666,108.42474
668,109.48911
669,94.96248
671,94.65144
675,94.51063
677,95.46065
678,112.753845
679,112.14187
682,97.70462
685,106.4858
687,94.10653
688,93.63165
693,107.108055
696,95.870026
698,94.111404
701,99.71215
704,105.86824
705,116.60262
709,109.60602
710,95.15772
711,105.86082
712,94.71736
714,111.848785
715,87.362976
716,110.114365
717,98.79189
720,116.27306
721,95.412674
724,106.542595
725,95.09358
726,111.818726
728,112.032906
731,93.83487
734,105.04401
738,94.393364
745,108.407295
746,97.98784
751,79.41413
754,92.09318
756,93.63279
758,98.975815
759,102.73873
761,116.803764
766,95.851456
767,112.6195
768,92.42157
769,110.0653
770,97.240746
771,79.92185
772,102.309235
773,93.29657
774,111.77616
776,110.302124
777,97.7061
780,115.02554
782,102.4901
787,100.80205
788,93.41479
792,92.97356
793,112.0705
798,105.033165
800,92.88999
806,110.114365
809,109.30147
811,110.073
812,91.60378
814,116.466866
816,105.03098
817,99.4636
818,102.0564
820,112.58471
823,95.31191
829,91.1206
830,103.80074
831,91.6419
834,112.84586
839,95.48438
841,79.01728
844,102.19984
845,94.08411
848,93.84958
850,112.40335
851,103.18043
852,93.32639
854,92.67036
855,98.374115
856,102.30202
859,100.60466
861,111.77616
864,93.02989
865,111.80029
866,93.23404
867,92.248215
869,95.6241
871,92.11923
872,110.114365
882,101.75652
883,94.70648
885,94.706764
888,94.88947
893,109.83162
901,112.42408
903,104.23521
904,94.25965
905,101.97893
910,96.31056
911,112.792564
914,114.41585
918,102.14349
921,91.68944
928,100.642456
929,104.5349
932,97.70526
933,103.65625
934,96.31056
935,109.50332
937,79.05247
939,93.61902
940,101.73279
941,95.66537
942,104.14906
943,95.08471
944,107.22541
947,110.114365
949,113.05568
951,109.89737
952,97.03883
953,104.23521
954,78.05519
957,110.303406
959,90.9903
960,109.06479
963,116.466866
965,110.114365
967,105.25796
971,95.83747
972,78.71883
973,93.17326
974,111.7242
975,95.966225
978,104.588615
980,110.92634
981,94.40057
984,113.51612
986,96.31056
988,92.42157
989,111.958725
990,101.66412
992,112.42408
996,95.95154
999,108.429825
1000,95.43823
1001,111.80029
1002,92.17279
1003,110.302124
1004,93.64809
1008,111.59722
1009,95.360374
1010,107.342094
1012,107.989456
1013,94.08555
1014,109.47844
1015,92.821304
1016,116.466866
1019,100.70841
1020,113.52885
1021,96.31056
1022,107.052376
1024,96.31056
1025,78.72183
1027,94.84509
1028,105.4162
1029,96.24308
1030,93.65697
1033,110.30656
1036,104.20083
1037,109.427956
1038,91.65927
1042,93.61902
1043,103.98483
1044,94.83818
1045,112.219154
1047,115.39331
1050,95.91406
1051,109.77702
1054,95.31191
1056,94.40057
1057,94.70648
1059,94.638435
1062,99.22474
1063,104.373314
1064,94.40057
1066,94.17163
1070,109.856895
1076,112.01931
1077,93.8134
1078,112.17453
1080,111.51478
1082,99.33568
1083,95.099236
1089,99.696594
1091,94.88947
1093,96.30562
1097,99.49685
1099,93.22413
1101,96.31056
1103,96.26294
1104,110.81141
1106,111.775696
1109,93.973114
1110,111.01174
1111,95.98375
1112,111.16159
1114,94.25235
1116,99.44159
1117,107.81922
1120,92.893745
1124,109.310814
1125,91.834175
1126,113.34788
1134,109.21388
1137,94.232834
1138,111.59984
1144,108.37374
1145,94.277115
1146,93.83083
1148,95.90428
1150,93.5007
1152,102.19984
1153,94.551796
1154,102.368546
1155,93.66744
1157,97.77362
1162,93.66744
1165,110.50786
1166,93.801956
1167,105.383736
1168,96.69553
1169,100.60466
1171,116.80374
1172,98.49967
1173,100.60466
1174,93.8645
1176,98.44465
1177,103.309944
1178,96.03747
1182,111.547195
1186,97.4375
1187,110.21284
1188,103.04709
1189,115.02554
1191,110.202156
1192,94.50837
1197,109.34464
1198,93.03264
1200,78.26428
1201,95.94739
1203,101.71964
1209,116.466866
1214,102.85854
1218,109.880356
1222,96.20806
1226,94.706924
1228,95.287415
1230,99.77556
1232,78.41079
1233,99.499725
1236,115.39331
1238,95.11173
1241,108.37374
1244,108.98014
1246,93.69497
1247,108.14081
1250,109.276985
1251,93.631485
1254,107.789406
1255,97.20322
1256,108.34845
1257,93.088615
1258,96.48213
1259,108.58276
1260,95.25704
1263,108.956535
1267,78.606964
1268,113.03775
1271,94.756386
1272,109.83162
1274,104.27249
1275,93.66744
1276,109.77702
1277,91.96644
1279,93.83083
1281,96.26461
1282,103.04709
1283,111.89404
1285,108.826904
1286,98.331635
1289,111.4309
1296,114.20614
1299,94.05162
1301,95.95154
1306,91.7203
1307,95.914024
1308,94.16652
1313,109.77702
1314,96.322174
1315,111.01174
1316,94.027954
1317,109.83162
1319,93.71469
1323,95.56355
1324,111.08072
1325,94.106575
1328,104.417145
1329,94.01214
1330,111.77616
1331,95.07172
1332,102.36348
1337,94.21705
1338,116.87494
1339,92.7458
1340,110.96435
1343,108.15581
1347,105.212296
1348,94.81773
1349,104.40506
1352,94.0673
1354,98.44956
1359,110.69656
1360,98.18306
1363,110.16323
1364,96.47057
1365,101.64046
1366,99.305084
1372,98.08276
1375,104.785614
1376,94.71426
1378,92.9957
1379,110.421455
1380,96.55161
1381,100.82299
1384,108.85505
1387,94.218414
1388,111.507034
1392,77.405106
1394,107.73242
1395,94.31139
1396,110.161285
1398,94.74995
1399,110.161285
1400,95.302536
1401,96.24
1403,95.59808
1404,99.34454
1406,110.161285
1407,94.592255
1408,109.197586
1410,78.910515
1412,110.456856
1413,96.01566
1415,100.68359
1420,109.197586
1422,110.12394
1423,98.31961
1424,109.197586
1425,93.247635
1426,78.910515
1427,101.764946
1429,94.15896
1430,110.15222
1431,99.7408
1432,102.47126
1434,107.55409
1437,96.343765
1438,107.40935
1440,110.49501
1441,110.766945
1442,96.299
1444,110.25697
1445,101.386765
1446,102.28072
1448,91.51813
1453,97.275085
1454,110.456856
1455,94.57183
1456,104.70664
1458,110.456856
1459,94.00641
1461,94.36397
1465,94.218414
1466,111.57355
1469,95.895164
1472,97.275085
1474,112.421486
1477,114.21126
1479,112.65527
1482,96.94329
1483,78.66399
1487,95.07847
1488,110.61279
1490,109.02356
1492,108.223434
1494,114.76973
1496,103.88258
1497,101.61023
1499,95.887924
1502,93.52484
1507,101.19675
1508,94.0673
1509,111.353424
1511,93.92218
1512,114.30045
1513,115.211975
1514,106.55115
1518,110.043335
1519,92.80642
1522,110.872116
1524,78.220276
1527,96.299
1529,89.65763
1532,104.46877
1536,110.325356
1537,116.698784
1539,104.663765
1542,112.38557
1543,94.71426
1544,106.975716
1545,80.264755
1550,94.50592
1551,106.71414
1554,104.28471
1556,102.61902
1559,93.088615
1560,78.65965
1562,97.94391
1566,92.68376
1567,110.01171
1569,107.77611
1570,111.27252
1571,109.8057
1574,94.0673
1578,102.788574
1580,93.456726
1583,113.63479
1584,94.0673
1585,113.6517
1586,95.51831
1587,110.53258
1588,92.175285
1590,113.05848
1592,100.63685
1596,100.436485
1598,110.95877
1599,94.503
1604,113.7686
1606,99.89969
1607,96.01566
1608,106.21829
1609,117.099205
1611,98.15659
1613,94.86553
1616,96.79652
1619,114.19464
1620,92.48322
1621,110.61968
1622,96.39564
1625,112.2653
1627,117.099205
1629,109.56259
1634,97.07229
1636,94.77372
1638,104.65945
1639,94.94163
1641,101.37387
1643,94.81885
1644,101.609695
1645,115.00138
1646,95.402626
1647,106.47917
1648,99.00105
1652,93.456726
1653,111.76516
1656,94.18539
1658,94.503
1659,110.65709
1661,95.574486
1663,96.01566
1664,113.863335
1665,95.37384
1666,102.61902
1667,99.02704
1668,79.49992
1669,103.97629
1670,97.813545
1672,110.84375
1674,109.48824
1677,110.61279
1678,97.53148
1679,111.58555
1680,96.74469
1683,104.507
1686,101.80371
1687,108.83363
1689,111.15668
1690,92.980484
1691,117.113754
1692,110.65976
1693,94.0673
1695,95.70317
1696,97.275085
1697,110.735245
1700,102.61902
1701,95.57134
1702,111.572365
1703,92.917336
1704,108.81474
1706,97.09571
1707,112.916756
1708,96.8436
1710,95.61838
1711,102.308014
1713,103.16571
1717,103.4672
1719,102.788574
1720,94.80204
1722,95.1694
1725,102.05317
1726,96.70784
1727,103.404076
1729,110.49346
1730,91.78887
1731,112.37081
1733,102.61902
1734,95.54656
1735,110.12394
1738,94.86553
1742,96.41854
1745,109.48824
1747,95.62451
1749,95.67118
1751,94.520744
1752,78.067154
1753,104.99845
1754,94.26827
1755,95.91834
1756,107.8131
1758,112.12631
1759,94.57183
1760,105.30561
1761,112.10505
1762,91.73606
1763,112.18708
1764,95.57176
1766,93.4867
1768,95.658646
1769,79.10993
1771,112.069496
1772,97.806076
1773,102.70328
1774,94.180374
1775,110.47764
1777,112.32598
1779,94.57183
1780,106.94116
1787,92.734856
1788,94.841934
1790,94.192635
1796,109.18753
1801,92.82618
1803,100.371765
1807,110.190674
1809,113.840065
1812,96.02236
1813,110.87173
1814,95.7157
1815,108.790596
1816,96.42987
1818,93.54004
1820,92.47756
1821,115.39331
1822,96.72421
1825,93.965225
1826,104.62556
1828,94.42544
1831,104.18148
1836,108.49332
1837,93.686554
1841,115.378426
1844,100.69961
1848,92.59494
1851,104.69078
1852,96.845085
1853,93.16543
1854,110.53248
1856,103.664986
1859,114.669716
1860,98.53442
1861,78.09994
1863,103.77978
1865,96.028824
1866,106.504715
1867,92.79569
1868,91.05388
1872,95.945595
1879,94.92031
1880,100.40506
1882,95.2531
1885,104.52685
1887,103.209404
1888,96.34623
1890,108.247765
1894,94.65135
1895,103.194305
1896,94.5542
1897,108.31739
1900,107.329185
1901,93.088615
1902,111.31398
1905,94.35251
1906,111.24812
1912,104.41019
1915,101.787964
1916,105.16083
1917,94.04208
1918,102.08498
1920,80.63037
1923,101.69591
1924,103.93171
1925,95.44799
1930,116.87662
1932,110.161285
1933,99.74435
1934,109.34946
1935,93.13902
1940,78.753685
1941,96.33983
1942,110.41317
1943,98.76473
1944,93.835754
1945,100.25212
1948,116.466866
1949,92.807915
1952,96.38758
1954,93.83083
1955,109.197586
1958,95.41566
1959,81.01879
1960,112.18708
1963,94.95627
1965,95.93096
1968,104.8939
1969,96.47057
1971,94.86719
1972,110.1345
1973,92.83596
1975,91.58703
1977,97.482704
1978,95.02139
1979,111.59148
1981,95.60865
1982,112.08114
1987,108.697296
1988,92.68376
1993,94.60438
1997,94.42075
1999,94.63183
2001,94.86553
2002,115.18363
2003,95.83181
2004,78.33496
2006,109.61692
2007,95.385315
2009,106.5628
2010,94.9793
2013,95.79078
2018,80.26746
2022,106.488045
2024,113.84721
2025,100.68359
2026,107.45668
2030,106.74986
2031,94.26183
2032,104.41019
2033,95.93125
2035,94.897766
2036,109.44935
2037,93.796486
2040,94.56456
2043,110.25286
2044,103.35373
2046,103.76424
2054,114.83488
2055,95.188675
2056,106.94116
2059,93.88413
2060,93.088615
2062,88.13704
2063,109.5953
2066,94.65135
2067,109.84037
2072,95.64011
2073,110.541176
2074,93.46147
2075,109.18489
2076,93.51132
2080,93.891655
2082,93.088615
2085,105.65236
2087,115.02183
2091,104.599915
2092,100.49639
2093,106.94116
2098,93.47937
2101,112.18708
2102,93.54004
2103,78.753685
2105,106.504715
2106,93.81416
2107,108.96767
2110,96.4911
2114,97.52704
2115,109.187065
2117,80.790665
2118,94.56787
2119,103.913605
2120,95.69316
2122,91.292816
2123,110.04876
2126,95.54825
2127,104.460526
2128,93.71401
2129,112.96978
2132,95.474335
2135,101.391174
2138,96.93813
2139,116.87662
2141,112.31924
2142,95.14498
2146,96.205475
2151,112.18917
2157,109.340866
2159,118.9985
2162,93.2227
2164,116.76379
2167,94.26102
2168,110.75837
2171,94.63462
2173,96.28561
2174,108.04248
2175,93.31441
2178,94.92027
2180,95.503204
2185,111.10905
2189,99.524445
2190,110.54809
2192,103.168846
2194,114.94225
2200,105.173645
2201,94.395706
2203,111.274086
2204,93.47835
2205,111.69139
2209,107.527596
2213,108.085625
2214,94.35221
2215,111.64392
2216,94.395706
2218,95.963646
2219,106.29647
2220,99.13399
2222,94.76111
2223,112.93191
2225,111.394745
2226,93.851494
2230,94.00882
2233,112.24905
2234,111.87259
2235,93.47835
2236,80.76335
2237,94.87719
2240,111.659386
2241,95.70336
2248,100.93187
2249,93.29427
2250,109.29637
2252,111.48915
2253,94.1761
2254,107.46778
2256,79.104675
2258,95.1391
2259,108.65513
2262,95.44716
2265,95.04152
2266,104.910774
2269,95.46028
2271,98.29996
2273,94.13278
2274,110.556
2275,94.395706
2277,98.159
2279,93.47835
2280,80.753456
2282,95.503204
2283,98.95786
2288,93.13135
2289,104.10229
2291,95.16815
2292,117.12724
2297,95.80857
2298,105.38579
2299,94.690674
2300,111.58954
2301,92.28308
2304,95.48973
2305,99.56766
2306,95.44716
2308,93.51132
2309,109.72281
2311,97.52333
2312,105.32213
2316,99.62794
2321,102.211006
2322,111.384926
2325,107.032616
2326,94.01663
2329,117.12724
2330,98.529976
2331,103.60178
2332,109.95416
2333,95.44716
2334,102.67367
2335,108.00275
2337,109.95567
2338,95.34033
2340,109.95416
2342,96.597595
2345,94.4372
2349,94.40917
2351,79.03769
2352,94.89626
2354,108.00045
2355,110.17962
2357,111.394745
2358,103.11577
2360,96.951385
2361,108.00045
2364,96.299
2366,97.2979
2369,109.87987
2370,97.240524
2371,110.54232
2373,108.15186
2374,95.0674
2376,110.53073
2378,109.01023
2382,99.96668
2383,94.01149
2386,109.7013
2387,95.55287
2389,93.62258
2390,104.18281
2392,92.216415
2398,109.95416
2399,96.921425
2400,94.6255
2401,103.33816
2402,95.37569
2404,99.10789
2407,101.41615
2408,114.99164
2409,116.81685
2412,79.817856
2413,98.11198
2415,95.84939
2420,104.06779
2422,95.06276
2423,100.89392
2426,93.853516
2432,95.25876
2434,93.791435
2435,100.99662
2436,111.72096
2438,109.04333
2440,111.907776
2443,94.1395
2444,94.33687
2447,100.93187
2450,94.10653
2454,95.8045
2455,113.14129
2459,95.44716
2460,108.76623
2463,94.328316
2465,97.40874
2468,79.60239
2469,96.029
2474,94.00738
2478,100.80944
2480,93.088425
2481,111.659386
2489,95.503204
2490,106.74986
2492,93.23655
2496,95.44716
2497,113.45924
2500,94.179245
2505,95.127495
2507,94.86896
2508,111.69139
2509,95.09325
2510,80.32536
2513,92.20447
2515,95.503204
2518,94.01149
2519,109.64996
2520,94.01149
2521,109.66352
2523,114.120575
2525,96.03329
2529,111.4526
2530,95.83181
2533,103.52525
2535,93.154526
2538,99.43923
2544,105.62145
2553,111.12399
2556,94.440155
2558,89.19368
2559,115.17753
2560,95.123436
2561,111.54569
2562,96.83848
2563,111.81224
2564,91.78887
2565,112.24905
2567,108.02379
2572,93.94232
2575,94.83764
2576,111.84341
2577,93.00247
2578,93.343765
2579,112.40116
2580,91.47344
2582,111.22921
2583,92.87121
2587,94.34242
2589,112.96043
2590,99.59705
2591,111.4526
2594,93.69673
2597,94.951004
2598,102.437
2599,95.203316
2600,103.044464
2602,106.884384
2603,93.94232
2604,105.16462
2606,114.25021
2607,78.74769
2608,95.977295
2613,111.69139
2614,93.040794
2615,109.60445
2617,111.11762
2620,93.667496
2623,113.785515
2624,97.034355
2627,111.69139
2629,78.74769
2630,101.28035
2632,94.36668
2636,93.94942
2639,108.70703
2640,104.0255
2642,111.4526
2644,102.34715
2646,114.053345
2647,94.83674
2649,95.8435
2650,100.35845
2652,102.57501
2653,102.82117
2655,103.08054
2657,109.78487
2659,109.99416
2662,94.10029
2663,111.659386
2664,99.696785
2665,102.10157
2670,97.04048
2671,104.36294
2672,95.29627
2675,102.57501
2677,111.739655
2679,114.275696
2683,108.43686
2684,96.49657
2685,100.37929
2688,104.77666
2689,94.60088
2690,106.94539
2693,104.73252
2694,110.376686
2697,102.3105
2699,99.16182
2703,93.91864
2705,105.6202
2709,79.42127
2710,96.18676
2711,110.70729
2712,96.34602
2713,93.68019
2714,110.17765
2715,92.79182
2717,93.222
2718,106.780846
2720,114.04688
2721,95.65181
2726,95.68446
2728,93.199715
2731,99.05986
2732,108.42616
2734,96.79422
2736,103.050865
2737,96.96675
2738,102.45141
2739,116.98002
2746,95.26548
2749,103.33899
2751,115.433395
2752,105.24009
2753,94.82634
2757,106.5628
2758,99.67626
2759,112.665344
2760,98.331314
2762,111.028656
2764,94.19668
2765,110.13697
2769,110.73157
2771,112.06763
2774,97.91295
2776,92.226166
2777,101.02179
2778,93.14689
2779,112.84949
2782,91.41427
2784,94.35002
2787,94.53361
2789,94.82374
2792,94.66804
2798,100.32248
2799,102.43522
2800,95.91807
2801,78.745255
2802,91.97479
2804,95.47043
2807,101.64046
2808,93.76681
2809,103.01288
2811,116.81172
2812,102.27856
2814,92.71349
2816,95.77913
2817,112.48516
2818,113.34901
2820,115.040825
2821,83.50332
2822,96.03046
2823,105.34161
2824,96.14408
2826,94.13252
2829,93.120094
2834,92.82438
2835,80.008194
2838,95.887726
2839,111.91628
2840,93.427216
2841,105.72387
2842,94.80949
2846,113.2499
2848,94.90424
2849,94.62969
2850,110.17765
2851,93.27895
2853,97.61713
2854,111.4526
2858,110.96184
2861,95.70938
2864,93.23655
2865,111.659386
2866,111.80658
2867,92.1513
2868,112.28512
2870,112.342545
2877,99.281395
2878,111.69139
2880,110.43323
2882,78.45801
2883,97.366035
2884,107.2665
2885,96.00799
2887,94.86553
2888,108.61611
2889,96.519005
2890,102.27918
2891,99.545616
2892,116.87472
2893,98.3527
2898,115.5058
2899,94.01375
2900,108.512505
2901,94.289825
2909,96.00713
2910,107.28408
2911,110.23995
2913,107.29109
2914,107.07709
2918,94.509865
2919,110.15554
2920,94.60493
2921,111.69139
2922,98.103966
2923,106.08716
2925,99.50367
2926,91.54014
2927,111.12856
2929,110.905045
2933,89.17059
2934,109.976234
2936,103.08924
2941,100.12248
2942,95.392265
2943,110.783585
2945,104.67253
2950,92.300415
2951,109.39066
2953,108.00026
2954,95.7147
2955,104.46931
2956,97.977585
2960,98.903755
2962,92.96058
2963,104.792076
2964,102.35542
2966,78.51512
2967,97.49097
2968,107.63448
2969,92.307014
2971,92.334465
2972,95.83273
2974,96.14093
2975,110.06336
2977,115.33064
2980,110.637245
2981,93.24351
2983,99.53083
2984,105.08458
2985,117.14709
2986,104.79643
2987,95.83273
2989,94.914925
2990,111.852295
2991,99.77085
2992,79.245735
2995,102.35491
2996,105.16128
3002,114.65031
3004,112.03914
3005,117.94303
3006,94.35174
3010,95.19578
3011,102.05763
3014,91.54014
3015,92.61745
3016,96.343765
3017,98.15364
3018,96.43491
3021,100.61791
3024,102.437
3028,100.17243
3030,93.00711
3032,97.69025
3039,95.27793
3040,105.61635
3041,98.89401
3043,97.055275
3044,111.27259
3046,110.62032
3055,94.25651
3056,112.99154
3058,93.66531
3059,105.48074
3061,116.87472
3063,104.82653
3066,94.10336
3067,102.437
3068,79.60906
3069,95.65181
3072,115.244934
3073,110.694305
3074,100.91028
3077,93.135345
3082,97.01409
3084,102.35491
3085,109.01626
3088,101.56593
3091,93.20324
3092,108.51257
3093,93.51384
3094,99.05986
3096,109.45221
3097,91.78887
3098,78.36168
3102,116.529594
3106,95.71388
3109,96.590164
3111,93.63104
3112,117.94303
3113,95.50149
3115,95.977295
3116,111.9818
3117,95.26332
3121,110.55787
3122,93.9047
3123,94.26942
3124,105.31241
3125,96.343765
3126,98.846825
3127,117.186935
3129,94.29612
3130,112.785866
3132,103.67815
3134,103.9044
3135,95.16372
3137,81.61483
3138,104.97435
3140,98.105995
3144,110.17308
3145,95.20545
3146,109.60445
3147,97.13951
3148,103.08104
3149,108.94244
3150,111.911125
3151,96.5525
3152,94.350204
3155,95.501236
3156,110.17765
3159,93.29842
3161,95.3191
3162,103.73126
3163,96.7064
3165,101.25623
3172,91.8992
3173,109.91532
3176,93.23561
3177,100.03946
3179,110.06336
3183,93.860916
3186,94.60196
3187,100.51406
3189,109.85275
3190,99.79178
3192,117.186935
3193,91.8992
3194,112.02926
3197,95.29058
3198,95.37324
3200,95.6709
3201,116.56646
3202,95.37324
3204,94.56456
3205,93.02569
3206,110.855125
3208,105.87694
3210,100.80205
3211,95.089905
3212,116.87472
3213,94.93855
3214,110.97944
3216,102.27918
3219,94.30038
3220,108.676605
3221,95.50149
3226,104.94857
3227,93.85974
3228,115.81179
3229,98.63313
3232,78.88949
3233,94.44991
3234,94.880226
3236,95.32344
3238,110.633446
3239,113.73049
3240,92.30061
3247,108.17255
3249,101.46026
3252,114.754875
3253,95.69351
3254,108.04103
3255,94.036896
3256,116.97145
3257,94.422485
3262,96.14909
3263,102.57501
3264,97.977585
3266,110.77965
3267,101.59478
3269,93.41741
3272,117.14709
3274,95.29058
3275,108.382866
3277,97.313675
3279,102.49046
3280,105.35242
3283,94.576935
3285,94.86553
3287,93.63713
3288,102.437
3290,105.71177
3291,94.87719
3298,112.57018
3299,95.158066
3302,105.67182
3303,94.827354
3304,104.57236
3307,99.69817
3309,96.81104
3314,78.38691
3316,108.292915
3317,94.6558
3319,97.36167
3320,110.905334
3321,98.0031
3322,103.0183
3324,92.752075
3326,93.10794
3329,113.36998
3330,91.78887
3331,111.25643
3335,116.87472
3337,95.331505
3338,109.22813
3339,99.36426
3340,112.728516
3341,95.095665
3343,95.02233
3346,92.91876
3348,94.99049
3351,102.45684
3352,117.125404
3355,92.57631
3356,115.71111
3358,99.20567
3359,96.8837
3360,113.18487
3371,109.94463
3372,96.28302
3374,104.13535
3377,106.76906
3378,94.16331
3380,103.5887
3382,95.9639
3386,96.0853
3389,110.21001
3391,104.05291
3393,95.84666
3394,105.36523
3395,94.11735
3397,111.781204
3398,98.44013
3399,79.12306
3400,100.17808
3404,104.55497
3407,111.36751
3409,99.65192
3419,96.82145
3421,102.34106
3425,97.47687
3427,79.78137
3428,117.27815
3429,110.84743
3431,93.4573
3435,94.81491
3436,113.6661
3439,98.55883
3441,95.643684
3442,117.27815
3443,96.14909
3444,102.20227
3445,93.60348
3446,102.11051
3449,93.088615
3453,94.76306
3457,95.88531
3460,102.40382
3461,99.58494
3462,97.275085
3464,104.82653
3465,79.60906
3466,98.47892
3467,106.38328
3468,101.77052
3469,105.839066
3470,104.164314
3472,111.4526
3473,90.65535
3475,93.48563
3476,110.75979
3478,101.90733
3479,98.96671
3483,97.43071
3484,102.96786
3485,93.51973
3487,93.56679
3488,112.25003
3496,114.16901
3497,95.94885
3499,99.82371
3500,80.24797
3501,94.8618
3504,95.215225
3508,106.94116
3511,93.439156
3512,110.47945
3515,92.81997
3517,92.97834
3518,103.16917
3526,113.18812
3528,108.14347
3529,99.728745
3530,109.388985
3531,96.441864
3532,104.07803
3533,96.304985
3534,96.46133
3535,77.97194
3536,93.77276
3537,111.36198
3538,94.3773
3539,114.200745
3540,103.23323
3545,111.43787
3546,95.87647
3550,107.19305
3551,95.02329
3553,95.820206
3554,102.40382
3557,94.921196
3558,108.85652
3559,93.088615
3561,96.348076
3562,111.781204
3563,93.456406
3564,102.45684
3565,93.60348
3567,93.86785
3571,102.45684
3572,97.538765
3574,95.04708
3576,93.66838
3577,111.44612
3578,99.10806
3579,93.601685
3583,95.93905
3585,96.8693
3586,103.934944
3587,109.63339
3593,96.91929
3594,105.358406
3595,95.0261
3599,94.10653
3600,104.13437
3601,111.4526
3602,93.088615
3604,98.44026
3609,116.24482
3610,110.53479
3612,111.04495
3614,114.18406
3615,96.3686
3617,105.78531
3618,114.49791
3619,114.07741
3620,111.11255
3621,95.75977
3625,98.178246
3626,105.741234
3630,101.23825
3631,95.57262
3632,108.07766
3633,94.70052
3634,109.465454
3637,94.0237
3639,95.77684
3640,108.78924
3641,94.63939
3644,116.416824
3645,94.00044
3646,97.62244
3647,96.47194
3648,110.55604
3653,111.82318
3654,95.69285
3655,108.78389
3659,98.95786
3660,95.48764
3662,113.88681
3666,93.33675
3668,94.70685
3671,94.91967
3673,94.13864
3674,114.806755
3675,99.13076
3681,95.38632
3682,111.95682
3686,111.41579
3687,94.004616
3692,79.5203
3695,110.05962
3696,103.87385
3699,113.93996
3705,112.47951
3707,78.910515
3708,95.835976
3709,112.36633
3710,95.35585
3712,94.58623
3715,110.47755
3716,93.31441
3720,111.13815
3722,78.910515
3726,97.384315
3728,96.10201
3729,114.99461
3731,102.50917
3735,108.71232
3736,93.03384
3739,100.323814
3741,111.38293
3743,105.557274
3744,94.192635
3745,111.27144
3746,95.91647
3751,97.93525
3753,95.29162
3760,112.446335
3761,98.75188
3762,115.52636
3763,95.84831
3765,97.86841
3768,112.45027
3769,93.8352
3770,105.016174
3773,114.589355
3774,97.511375
3776,94.899536
3778,98.79137
3779,108.70553
3780,94.28925
3781,109.84267
3782,94.12141
3783,111.46453
3784,94.268135
3786,96.80373
3789,108.98916
3790,94.92611
3793,110.15345
3795,110.24678
3797,100.51109
3798,116.914696
3800,113.56335
3804,95.5595
3810,99.5701
3815,111.415016
3816,95.5595
3818,99.478264
3824,111.4526
3828,102.71665
3830,113.15675
3831,103.04419
3832,78.067154
3834,111.539795
3835,95.197655
3836,113.84608
3838,94.86553
3839,116.466866
3840,109.80627
3845,96.39761
3846,110.13449
3847,93.72399
3849,78.54895
3853,108.31012
3855,106.94116
3856,95.93832
3864,78.75856
3865,94.777885
3866,109.191795
3867,93.04699
3868,113.56335
3869,94.961494
3871,93.58442
3875,102.882065
3876,94.148186
3878,95.60916
3879,109.772
3881,113.56335
3883,113.65203
3884,97.1468
3886,110.55293
3890,97.382454
3893,112.1858
3897,109.93596
3901,96.30153
3902,112.18708
3913,108.15581
3914,94.87036
3916,87.52516
3917,109.91756
3924,104.36929
3925,102.193535
3928,96.44562
3929,110.53941
3932,93.44754
3933,100.66709
3934,78.80359
3935,93.17487
3936,93.899796
3937,109.343544
3938,92.79028
3939,113.31061
3943,92.777596
3944,111.97727
3945,109.79928
3946,95.37347
3947,108.92088
3948,93.65114
3949,111.12851
3950,96.37028
3951,112.56317
3952,96.77045
3953,109.16285
3961,115.2266
3962,95.85215
3966,94.96801
3967,103.067665
3968,94.98242
3969,108.451675
3970,98.072464
3971,104.48317
3973,96.19933
3974,111.30223
3975,109.278114
3977,144.06943
3979,105.9401
3985,95.926506
3986,102.44915
3988,113.341324
3991,95.001945
3992,101.83034
3993,95.242256
3994,94.52214
3995,112.15337
4005,107.94733
4007,93.79709
4008,103.569786
4009,94.34788
4010,114.26943
4011,79.871574
4012,92.605644
4013,104.786674
4015,113.31885
4016,113.4259
4018,109.07248
4025,93.899796
4026,109.18822
4028,108.796234
4029,97.35383
4031,93.5292
4032,110.760864
4033,95.66169
4034,104.28984
4037,94.33048
4038,97.91405
4039,94.95625
4041,100.8426
4042,112.636215
4043,99.76313
4044,100.66709
4045,95.65395
4046,113.26898
4047,100.50047
4048,102.775505
4049,96.344086
4051,96.59156
4052,111.0511
4058,100.76978
4062,107.92061
4064,111.75181
4067,93.79709
4068,78.150894
4070,96.20918
4072,116.32244
4074,110.668304
4075,96.279915
4076,109.29585
4077,94.32639
4078,107.07064
4080,100.66709
4082,108.55828
4085,92.99141
4086,113.50408
4088,109.18822
4089,94.69014
4092,79.30476
4094,92.92306
4095,109.45452
4096,96.078964
4097,103.812935
4102,96.761734
4105,106.083275
4107,106.99242
4111,94.392815
4112,104.417366
4113,99.51787
4114,100.13154
4115,92.34055
4116,111.58697
4117,95.29736
4118,96.45162
4119,111.233284
4120,97.464615
4122,80.00793
4125,95.46924
4126,109.655174
4129,110.271255
4134,109.710846
4137,93.54198
4141,104.734146
4142,96.33421
4144,95.31118
4145,104.36929
4146,104.69681
4150,93.927666
4151,80.25855
4154,93.79709
4156,96.78636
4157,109.77591
4159,113.4259
4160,94.434456
4161,108.14135
4168,98.45723
4171,102.00969
4172,104.28193
4173,97.44365
4175,94.45709
4176,100.66709
4177,95.31118
4178,99.79123
4179,96.79167
4181,110.14654
4183,97.35383
4184,112.52957
4185,95.09325
4186,110.417435
4188,106.43636
4190,110.85075
4192,92.07243
4193,110.604294
4194,112.22496
4195,97.45
4196,78.72747
4202,97.574776
4203,103.09301
4208,96.243034
4209,108.43846
4210,92.71967
4211,111.89471
4212,116.914696
4214,101.99944
4215,94.56667
4216,112.758896
4217,93.05036
4219,102.43083
4222,109.343544
4224,78.8013
4231,103.146835
4232,97.35383
4234,91.84561
4236,95.31118
4237,101.85575
4240,97.86612
4242,106.78881
4243,95.996185
4247,98.225006
4248,110.55133
4249,99.21207
4254,100.44857
4263,94.50292
4265,110.086
4267,106.110306
4268,111.783585
4271,113.12278
4272,95.66537
4273,108.539024
4274,90.390526
4276,95.22013
4278,93.316284
4280,95.528076
4281,111.63373
4283,94.072495
4284,109.413376
4285,95.781624
4286,112.17629
4287,94.79774
4288,114.594635
4289,92.42939
4290,80.44417
4293,93.29029
4296,107.82016
4297,95.06871
4299,95.04602
4303,108.54619
4310,96.18713
4312,106.03553
4318,101.85575
4320,106.56464
4322,96.2788
4323,110.69444
4325,101.93249
4326,111.23426
4328,107.92422
4330,104.617966
4332,111.31479
4333,95.42277
4335,97.125084
4336,98.34341
4338,105.72471
4341,94.6894
4342,103.86908
4344,100.76978
4347,102.90477
4348,101.111046
4351,107.695045
4352,93.455215
4353,107.988205
4355,100.75441
4356,93.57727
4359,100.84504
4360,99.730125
4361,94.30005
4364,94.16972
4365,102.060455
4368,95.00234
4372,98.2408
4374,93.51901
4376,94.761604
4377,107.69479
4380,94.631905
4383,109.558105
4384,93.316284
4385,102.20167
4389,98.471245
4391,95.22935
4392,109.78392
4393,93.30584
4395,92.91044
4396,112.27627
4398,110.45708
4399,96.32271
4401,92.42265
4406,95.05135
4408,101.99944
4412,101.111046
4415,95.661934
4418,108.85691
4419,93.51901
4420,78.19011
4422,111.97727
4423,93.51901
4425,95.70981
4428,109.52918
4431,107.54083
4434,94.64387
4436,95.82976
4437,111.61422
4439,116.375946
4440,109.09989
4441,107.83679
4444,96.20582
4445,101.99944
4446,94.29192
4447,111.7209
4452,102.657166
4456,112.49278
4457,92.96277
4458,111.376976
4460,93.57727
4461,116.182144
4462,95.12784
4465,99.75025
4466,101.62306
4468,100.0496
4469,103.37887
4472,109.765526
4475,97.02067
4478,93.20959
4479,109.70841
4480,97.7232
4483,82.15605
4484,94.95227
4485,105.551025
4486,98.072464
4488,93.987015
4489,105.75121
4490,94.22634
4491,100.606575
4492,99.40637
4493,106.81906
4494,94.87116
4495,97.54907
4498,81.16417
4499,92.34861
4500,99.23403
4503,109.2561
4505,103.07463
4506,97.9801
4507,94.11066
4508,101.85575
4510,110.50786
4511,91.81113
4513,97.80862
4516,78.85186
4519,94.91004
4521,98.947754
4531,95.07455
4532,79.57511
4533,101.30132
4534,107.19885
4536,101.85575
4537,92.96277
4539,95.62433
4542,100.29802
4545,93.62507
4549,92.31226
4551,95.65672
4554,103.5993
4556,112.56101
4559,110.40168
4561,111.41996
4562,112.16848
4566,111.09958
4569,94.18524
4570,112.27627
4573,95.594376
4574,102.19247
4575,94.79839
4577,94.50584
4578,109.404205
4580,113.73121
4582,92.90817
4583,111.97727
4585,94.21413
4587,101.85575
4595,93.518715
4596,111.01533
4601,97.4102
4602,109.31299
4603,98.4915
4605,109.12311
4606,93.280975
4607,109.344536
4608,95.71155
4610,98.08462
4613,103.8659
4617,92.70833
4618,108.74254
4619,92.101074
4620,97.57472
4622,93.06763
4625,93.57727
4626,101.85575
4627,94.09025
4629,89.56314
4631,93.15439
4633,101.85575
4634,110.69443
4635,96.37148
4639,93.90192
4640,107.814
4642,102.221306
4644,109.10387
4646,101.85575
4647,93.75372
4648,78.2748
4649,93.93526
4650,110.46454
4655,92.31226
4660,93.28771
4661,115.15305
4662,94.57392
4663,114.508415
4665,95.179825
4666,111.81647
4667,104.3874
4668,96.76757
4670,97.88231
4671,100.895836
4672,99.83097
4673,104.29183
4675,103.674416
4676,102.269745
4677,111.57766
4680,94.7767
4682,95.168755
4683,109.78496
4685,101.111046
4686,95.27804
4688,112.17309
4690,109.3943
4692,114.18105
4693,93.57412
4697,92.99977
4700,114.53312
4702,110.867744
4707,116.244995
4708,92.99141
4710,79.726494
4716,99.57707
4717,94.936424
4718,93.63262
4720,95.20111
4721,78.48281
4723,96.75626
4726,110.5921
4727,96.61295
4729,96.44435
4731,94.22534
4732,111.11727
4735,101.67327
4736,102.31249
4737,98.4915
4738,109.49044
4739,108.28112
4744,101.97893
4747,94.32487
4749,109.574776
4750,92.99141
4752,111.990105
4755,95.96462
4756,103.26695
4757,110.63282
4758,93.864784
4759,101.61848
4763,94.90566
4764,101.175125
4765,93.34318
4766,94.99878
4767,112.216545
4769,106.01338
4770,93.99488
4771,77.94408
4772,101.85575
4774,112.2629
4776,106.30817
4777,112.24521
4778,97.25007
4780,98.51626
4784,99.08704
4786,94.84728
4787,77.697556
4788,97.92046
4789,111.990105
4791,104.05479
4792,93.74655
4795,110.969284
4796,92.69866
4803,94.257286
4805,99.61692
4807,94.466736
4809,95.167465
4816,95.87093
4817,79.730515
4818,92.9853
4820,94.20926
4821,101.0746
4823,111.23426
4824,93.5984
4825,108.827286
4829,102.33754
4830,97.41795
4831,113.24408
4833,105.523026
4836,98.52304
4837,112.17309
4838,93.98782
4840,93.8283
4841,77.99689
4842,96.63807
4843,112.697395
4844,96.45028
4849,107.46627
4851,104.399666
4852,92.40793
4858,96.33342
4860,97.41795
4863,111.334335
4864,97.319046
4865,111.248825
4867,110.33576
4868,92.26801
4869,112.482735
4873,93.60593
4875,94.92009
4876,108.68436
4877,92.86216
4878,106.26772
4880,77.56666
4886,109.43961
4888,103.92244
4889,101.74606
4890,113.30142
4893,96.630844
4895,97.89056
4896,102.203514
4899,93.91005
4901,103.79747
4902,111.82273
4903,95.788956
4904,111.990105
4910,93.376236
4912,92.5568
4915,100.73928
4916,107.87096
4917,96.201866
4920,101.85575
4927,104.437126
4928,93.55028
4931,104.40206
4934,91.76864
4936,93.37432
4939,108.54619
4942,114.07092
4943,95.5595
4944,98.43661
4945,97.759766
4947,106.94567
4948,92.42455
4951,95.759735
4952,111.990105
4953,93.88011
4956,95.788956
4957,113.93264
4958,96.10528
4960,94.34159
4968,93.83477
4969,106.19552
4971,108.52414
4973,112.224396
4975,111.79327
4976,94.644684
4978,94.73924
4979,111.94445
4982,98.64369
4983,106.240776
4984,93.63504
4985,116.05119
4986,90.747894
4987,115.13858
4988,95.99332
4994,94.548195
4995,95.5595
5002,78.45993
5004,95.23741
5005,99.961235
5006,95.17422
5007,101.868645
5009,110.38923
5011,112.224396
5014,96.32467
5015,103.703964
5018,93.52416
5019,110.75723
5020,92.28715
5021,99.95052
5022,94.03557
5023,95.5321
5025,95.46608
5032,96.78725
5034,94.15505
5036,92.02305
5038,100.72638
5039,110.44473
5046,96.26484
5049,110.75723
5051,93.62034
5052,92.32001
5053,112.2629
5054,95.46608
5055,96.50462
5057,92.96277
5059,94.71018
5062,98.297165
5063,109.7852
5065,108.92879
5069,93.722435
5071,99.083435
5074,109.57139
5075,91.13702
5076,109.32236
5077,77.65834
5079,105.09727
5080,94.6067
5081,112.25516
5083,105.83284
5088,102.9608
5089,96.46454
5093,104.58357
5094,104.57824
5095,94.57278
5099,107.43786
5101,108.73333
5103,103.827576
5104,93.300545
5105,111.61869
5107,93.014
5108,113.870766
5109,93.788246
5111,92.85578
5112,107.921906
5113,94.27111
5114,105.960884
5115,94.478096
5118,97.56672
5122,95.46608
5123,77.96
5125,94.59641
5127,105.84541
5128,97.34324
5129,115.02208
5132,95.28022
5134,108.09865
5135,96.137184
5137,112.4155
5142,94.19891
5143,102.46354
5144,91.99482
5148,94.591354
5149,92.89894
5150,104.28127
5154,77.60587
5155,99.07557
5159,97.49976
5164,97.44172
5165,113.49341
5166,96.29694
5167,110.36589
5169,94.059456
5171,93.458336
5172,111.23426
5176,94.33361
5184,109.37866
5185,96.615875
5186,108.95672
5188,105.668106
5189,108.67677
5190,102.39273
5191,113.49341
5193,110.271255
5196,96.740555
5199,80.46492
5200,102.24887
5203,94.80401
5204,112.126015
5205,101.187225
5207,95.06936
5208,99.05844
5212,94.99586
5214,93.78906
5218,93.178406
5220,95.61271
5222,90.58648
5224,94.99823
5225,101.85575
5227,108.138885
5229,100.65943
5232,92.161316
5233,116.27806
5234,104.313225
5237,112.41339
5239,109.08229
5240,92.05315
5241,110.75723
5244,95.14881
5248,111.36772
5251,91.94671
5253,93.813194
5255,94.50301
5256,105.34971
5257,99.17752
5259,95.64534
5260,113.47681
5266,94.15923
5268,94.50503
5275,112.25516
5276,107.62411
5277,95.38027
5279,96.46586
5280,102.543015
5281,93.818634
5283,105.482605
5284,79.230125
5285,95.5595
5286,99.503
5287,93.42574
5289,97.73836
5290,110.271255
5292,108.58846
5293,94.6067
5294,100.11151
5297,93.76891
5299,102.31604
5302,93.53519
5305,78.77465
5306,99.30929
5308,92.66796
5309,95.94733
5310,110.56092
5312,110.51982
5316,113.35954
5317,94.22308
5319,77.854355
5320,95.46608
5323,93.41014
5329,107.652626
5331,106.58659
5334,111.26255
5336,111.61963
5338,102.29349
5341,97.7885
5345,97.18679
5348,92.9652
5349,106.2839
5355,104.73984
5356,93.761536
5360,103.640465
5362,109.47698
5364,114.606705
5366,105.28842
5367,99.17387
5368,104.27111
5370,97.80144
5371,77.697556
5373,106.947556
5375,112.41339
5376,93.24833
5378,112.75505
5379,95.809586
5383,95.5899
5384,104.65621
5389,108.58265
5391,78.27457
5393,108.22383
5395,115.250046
5397,110.23086
5398,94.02459
5399,107.7458
5401,116.679695
5402,91.37393
5403,107.85248
5404,93.79178
5407,78.43422
5408,93.66526
5413,98.96716
5414,94.79136
5417,96.1092
5418,108.58846
5420,111.19074
5421,95.22304
5424,95.37842
5425,112.126015
5426,103.43267
5429,112.619484
5431,94.98406
5437,99.95304
5440,95.18379
5444,105.12852
5446,105.121574
5447,93.503975
5451,95.92243
5452,109.66109
5455,104.313225
5456,93.19979
5458,93.7342
5459,107.93273
5460,94.3438
5462,94.30849
5463,99.30338
5464,92.49742
5465,110.973915
5466,98.91915
5467,103.11347
5468,97.54614
5469,114.22673
5472,95.29466
5474,94.34097
5475,110.29845
5476,97.49058
5479,104.12577
5480,111.08904
5482,109.09773
5485,94.17348
5486,116.914696
5488,78.94913
5495,100.65943
5496,95.88246
5497,113.37405
5499,111.91927
5503,93.21792
5504,94.59402
5507,97.44365
5509,96.843376
5511,94.096855
5512,113.05816
5516,111.16174
5517,94.396
5518,104.28979
5521,98.961296
5522,101.00279
5527,96.83484
5528,93.21248
5529,108.29772
5532,96.410034
5533,108.178825
5535,103.85509
5536,95.49417
5540,95.1363
5547,93.10731
5548,109.873634
5550,77.4054
5551,93.96872
5554,108.41252
5555,98.950424
5559,107.86577
5560,93.31366
5561,113.24205
5562,93.91964
5563,111.664154
5565,77.54978
5566,94.64407
5567,103.81896
5568,94.15042
5572,93.28621
5574,98.30892
5576,95.33817
5579,119.41043
5580,80.19483
5581,92.31273
5583,95.03692
5584,109.488785
5586,108.59194
5587,93.240005
5589,99.13353
5591,98.70031
5592,92.44251
5593,108.34581
5594,94.29847
5595,78.89814
5596,111.54591
5597,108.9975
5598,117.03377
5599,97.03758
5602,111.309975
5603,94.29847
5605,92.82515
5607,93.05515
5608,111.80412
5609,93.19019
5610,91.7149
5612,93.23398
5613,108.53005
5614,96.76016
5616,94.29078
5621,99.62244
5623,97.00859
5628,113.79231
5629,92.98968
5631,106.14525
5633,92.56041
5638,104.606705
5639,95.7135
5640,104.50425
5645,94.690445
5646,79.309265
5649,92.47415
5653,111.03528
5655,112.51496
5656,94.55491
5658,96.161606
5662,116.67281
5663,91.557915
5667,92.07876
5670,97.03758
5671,97.96884
5672,95.13074
5673,105.980316
5674,93.62966
5675,104.05585
5676,94.37486
5679,110.67849
5683,111.49937
5687,94.632416
5688,78.87724
5690,100.66382
5691,111.86786
5692,91.697685
5693,103.671776
5694,94.1387
5697,108.79292
5698,92.327675
5699,110.95597
5704,94.89439
5707,110.67849
5709,101.86743
5710,92.616234
5714,95.30839
5718,95.52281
5721,95.00915
5723,96.126175
5724,108.92879
5725,93.02935
5726,108.117775
5729,97.29543
5730,105.701225
5731,96.92648
5733,77.18505
5736,94.38683
5741,103.97941
5745,109.57664
5747,95.41547
5748,106.15923
5750,109.86875
5751,97.460846
5752,92.953964
5754,93.96329
5755,93.488434
5757,95.21749
5758,114.696304
5760,101.60823
5762,103.28139
5766,112.26839
5768,95.270935
5769,116.19004
5770,94.06091
5771,109.024345
5772,90.9864
5773,103.05588
5774,93.57096
5776,88.77568
5777,110.95597
5778,92.64861
5780,110.468895
5782,92.948944
5783,77.97564
5784,97.22281
5786,96.43056
5788,94.83165
5789,107.339905
5790,97.30939
5791,101.18027
5793,104.265686
5794,94.54248
5796,116.244995
5797,93.76216
5801,93.01176
5803,94.632416
5804,107.02019
5805,93.94975
5806,77.610664
5808,110.969284
5813,95.13406
5815,92.06023
5816,103.787834
5822,91.532295
5823,110.93039
5825,104.49112
5827,110.52429
5829,97.86013
5830,96.15334
5831,111.49928
5832,95.64431
5833,110.969284
5837,113.83382
5838,95.34494
5839,94.34936
5842,104.50425
5844,110.958305
5845,105.19759
5846,108.07688
5848,77.68465
5850,108.78656
5851,91.85626
5853,95.270935
5854,102.14027
5858,104.50425
5860,108.44094
5864,102.19887
5866,93.78748
5867,110.67849
5868,94.01657
5869,111.73267
5870,95.194756
5871,110.79422
5874,113.43046
5876,110.37935
5877,92.01787
5878,94.7469
5879,110.75723
5880,92.920334
5884,93.62659
5886,112.126015
5890,100.03046
5896,95.8299
5897,101.67729
5898,95.270935
5901,100.16747
5903,111.63573
5906,91.7149
5908,111.02257
5909,92.490555
5910,108.53005
5911,95.02095
5912,114.44988
5914,113.43046
5919,111.59722
5924,97.605316
5926,92.87488
5929,106.5892
5930,95.47035
5932,99.25401
5933,111.751724
5934,94.018875
5935,111.615234
5936,96.9803
5937,109.05333
5938,98.46712
5939,97.99054
5942,109.6471
5943,93.59929
5944,106.0129
5946,111.099976
5951,90.96296
5953,102.91829
5954,95.02799
5957,103.78969
5961,93.82715
5962,104.49154
5964,78.58114
5965,95.29801
5968,113.55719
5969,93.65401
5974,91.23277
5975,108.67264
5978,78.19105
5981,104.28979
5982,95.94394
5983,111.33037
5989,105.68586
5991,93.61219
5992,105.43336
5995,98.95465
5996,100.3002
5997,111.67438
5998,93.28659
5999,78.423134
6001,109.42432
6002,94.84287
6003,108.90201
6004,95.02799
6006,114.57501
6007,93.54912
6011,96.007324
6012,104.04382
6014,95.02095
6015,99.211395
6016,93.376625
6017,109.74504
6018,95.270935
6024,93.72754
6025,102.33222
6026,108.40214
6028,110.26171
6029,79.863174
6030,94.63592
6036,113.55719
6040,93.94975
6041,110.72814
6042,95.963104
6044,93.97292
6045,101.18027
6047,102.09508
6048,93.0077
6049,109.48199
6051,116.28855
6052,115.8159
6053,92.24926
6054,111.71544
6058,106.5737
6059,94.05261
6062,95.270935
6063,116.156975
6064,101.87634
6065,93.94975
6067,92.9793
6068,110.50786
6070,100.43215
6071,101.89775
6072,112.126015
6080,112.126015
6081,92.988556
6084,104.50951
6087,93.48468
6089,106.33345
6092,112.126015
6094,93.543915
6095,111.54591
6097,111.75337
6100,95.12225
6104,107.87635
6105,94.767746
6106,112.81298
6107,78.24304
6108,94.70024
6109,112.126015
6110,93.58424
6114,112.126015
6116,94.57702
6117,105.822075
6118,95.901474
6123,77.9478
6125,111.63573
6128,110.02516
6130,101.33743
6132,110.95688
6137,79.293365
6139,112.233284
6140,93.64506
6141,113.19729
6142,108.96881
6144,109.21263
6145,96.22684
6146,98.72094
6149,94.857445
6156,93.32873
6159,109.73525
6160,93.64506
6162,104.35388
6164,113.36377
6165,91.38909
6168,78.927
6169,110.98856
6170,99.35343
6171,109.46282
6172,92.42768
6173,112.99125
6176,97.29543
6177,91.93395
6178,96.0415
6180,95.76919
6181,102.543015
6182,97.6901
6185,93.26016
6186,111.318054
6188,109.166885
6189,95.55783
6192,104.50951
6193,93.93441
6194,101.18027
6195,95.46954
6196,116.401375
6197,94.15183
6201,110.94769
6202,92.593765
6203,112.135155
6204,93.06154
6207,116.31582
6209,99.58476
6210,94.26608
6211,108.95857
6213,111.263916
6216,92.03755
6217,92.21496
6219,93.23398
6222,77.857864
6223,97.15476
6235,97.248505
6240,99.00616
6242,94.89151
6247,93.649506
6251,109.67003
6254,112.32808
6255,94.178345
6260,99.95209
6261,93.9128
6262,106.02909
6264,111.71661
6269,103.61959
6271,104.03801
6275,110.579384
6276,95.43068
6278,96.57983
6279,109.57664
6281,111.369225
6284,100.64811
6286,94.05554
6287,78.115135
6288,94.82508
6292,92.109116
6293,94.352234
6295,93.06832
6298,112.79779
6300,119.0474
6304,103.73028
6308,113.2868
6310,94.02158
6312,112.126015
6320,94.3276
6324,94.868965
6325,110.46041
6330,94.84728
6336,110.69954
6340,104.045616
6341,97.248505
6342,102.50452
6344,95.18824
6345,109.784195
6347,109.873634
6348,98.116196
6349,112.79779
6351,77.72337
6353,110.40581
6354,92.159454
6357,93.71997
6358,103.443596
6360,102.61087
6363,113.91568
6364,91.992645
6368,108.906815
6370,94.4477
6371,92.69479
6377,103.197426
6379,93.556435
6381,93.25168
6382,77.70235
6383,109.911575
6388,112.00581
6390,111.07209
6392,98.64735
6393,96.047615
6395,100.74772
6398,101.78658
6401,77.564026
6402,93.627266
6403,108.48921
6405,94.5219
6406,92.50477
6407,110.95597
6409,101.0596
6411,96.06742
6413,95.43424
6416,106.78041
6417,96.15903
6418,95.06428
6419,116.85802
6420,110.1456
6426,107.00859
6429,98.18881
6430,93.19266
6431,108.48921
6432,99.52057
6434,97.60433
6437,112.517296
6438,94.50284
6439,101.41993
6440,92.772675
6441,97.158775
6442,112.126015
6443,93.671745
6445,95.51124
6448,111.02257
6450,110.91516
6453,94.73377
6455,94.9244
6457,91.73474
6458,108.18676
6461,93.96531
6464,111.645256
6467,94.61008
6469,97.35769
6470,77.90652
6471,93.64506
6473,100.19946
6474,92.39858
6479,98.66089
6481,94.07429
6484,111.799164
6495,115.42816
6496,112.06629
6505,109.90308
6506,98.35413
6508,97.20741
6509,93.82667
6510,104.70972
6512,104.01361
6513,94.83019
6514,110.569786
6515,92.72419
6519,94.28692
6521,94.680176
6523,77.44941
6525,104.424225
6526,94.99211
6528,93.978134
6529,109.17069
6531,108.53041
6533,103.94096
6534,95.36612
6535,111.099976
6536,92.68053
6537,109.25899
6540,97.81826
6541,109.911575
6547,96.1041
6548,108.61195
6551,113.701454
6553,112.761604
6555,104.39146
6556,97.430786
6561,77.06643
6564,93.89378
6565,111.099976
6568,95.2409
6569,112.126015
6573,104.71351
6574,93.96531
6577,110.87493
6579,113.94352
6581,93.73503
6582,108.48921
6585,106.40665
6586,94.98662
6589,105.35604
6590,77.10954
6593,95.63771
6594,110.56226
6595,95.828735
6599,91.377754
6600,101.85366
6601,109.984215
6602,91.904625
6603,111.02257
6604,99.35343
6607,108.07664
6608,111.55777
6609,94.11657
6611,95.63549
6613,112.126015
6614,93.51416
6616,97.58641
6617,112.126015
6618,94.967155
6619,100.14169
6621,104.39146
6627,103.85853
6629,109.59691
6631,77.82619
6634,101.27128
6636,93.609146
6638,95.2409
6639,112.126015
6641,110.60108
6642,92.74642
6651,112.61557
6654,78.67169
6657,95.93721
6663,96.992966
6665,108.26233
6666,95.41789
6668,95.06046
6669,104.23013
6670,95.209694
6671,100.37121
6673,97.21369
6675,94.23115
6676,77.72337
6677,94.986626
6679,94.884995
6680,111.91326
6681,104.70972
6685,101.21821
6688,94.76083
6689,92.851364
6690,108.69483
6692,112.126015
6693,97.585754
6694,94.32987
6698,116.05602
6699,94.19891
6700,105.87774
6701,91.73474
6702,110.612335
6704,92.851364
6707,111.326035
6712,111.44565
6713,92.20817
6715,102.00473
6721,108.64741
6722,93.435265
6723,110.859695
6724,93.9876
6725,116.85802
6731,109.34718
6735,79.43882
6736,101.84071
6737,115.437
6738,94.749016
6739,103.301414
6741,100.095345
6743,91.922134
6745,95.06046
6747,109.22559
6749,97.694046
6750,103.85882
6751,115.898865
6752,97.245804
6753,112.126015
6755,110.55062
6756,93.18219
6757,102.48982
6759,110.71077
6761,94.398796
6763,93.64506
6764,116.22798
6765,93.82179
6766,111.513115
6768,114.57501
6771,92.851364
6773,92.67107
6774,93.71538
6778,107.920265
6779,99.596275
6781,91.02847
6784,102.052025
6786,92.716255
6787,109.66772
6790,100.034386
6793,105.47239
6795,112.126015
6798,110.64012
6806,104.989044
6807,93.8029
6810,92.211174
6815,106.40429
6816,95.53372
6817,103.38525
6818,97.11326
6819,102.39164
6820,93.8435
6822,96.93074
6823,116.28855
6824,111.026505
6825,95.175064
6828,77.748024
6829,108.525375
6831,105.9614
6832,94.01389
6833,109.49827
6834,93.64506
6836,95.30157
6837,111.44565
6838,91.58342
6840,106.33726
6843,90.13204
6845,91.31209
6846,92.03404
6847,109.70619
6851,107.64756
6852,98.54375
6853,108.37736
6858,96.33492
6861,111.53498
6863,109.984215
6864,78.40097
6865,94.03823
6866,111.54483
6867,94.38957
6868,104.035805
6869,96.39004
6870,111.026505
6874,109.64753
6875,98.26903
6877,114.21054
6878,96.16635
6880,93.49993
6883,116.94748
6884,92.87119
6886,95.91217
6890,94.84771
6893,112.490265
6894,91.25505
6899,114.21054
6900,94.35352
6904,96.47738
6905,111.17673
6906,91.71985
6910,93.3619
6912,104.826546
6913,110.61996
6920,93.15058
6922,91.52049
6923,112.126015
6926,95.90322
6927,106.82684
6928,91.03094
6931,114.91826
6933,94.594765
6936,92.84372
6937,111.49546
6939,104.415504
6941,91.795746
6942,103.99522
6943,95.20954
6944,99.34802
6945,94.089134
6946,109.45799
6947,116.09219
6949,101.18215
6951,101.93726
6953,96.80085
6954,93.912544
6955,106.410995
6963,106.93221
6964,92.69093
6966,96.76757
6968,92.14499
6970,102.543015
6972,110.70182
6976,108.228676
6978,111.54483
6981,105.586624
6985,103.90412
6986,94.937645
6987,114.68822
6989,109.82168
6991,116.28855
6993,107.207436
6994,93.41592
6995,111.76449
6996,96.948364
6997,112.943146
6998,78.63454
7001,107.46852
7003,107.8782
7006,92.98498
7008,93.88162
7010,91.327034
7011,95.12866
7012,104.44491
7013,93.8235
7014,111.052864
7017,93.74428
7018,95.13406
7019,91.35694
7023,95.25729
7024,103.08741
7025,92.95833
7026,110.50786
7027,93.55126
7028,108.02479
7030,112.126015
7031,101.569275
7033,110.69445
7036,93.109085
7037,94.89257
7039,92.38902
7044,94.55469
7045,111.44565
7046,101.34909
7049,103.84113
7050,97.53667
7051,102.543015
7054,107.57757
7055,93.96768
7057,94.265076
7060,114.21054
7061,95.270935
7063,90.606
7064,110.034904
7067,93.49993
7071,96.93492
7074,99.79973
7075,95.36503
7078,111.44565
7079,92.851364
7080,111.6811
7081,95.309616
7082,111.39434
7083,93.67041
7085,107.610855
7092,102.382484
7094,96.25826
7100,94.49979
7101,110.994064
7102,111.54483
7104,111.37343
7105,95.270935
7106,93.761154
7107,100.95389
7108,77.0098
7109,95.43061
7110,111.49546
7112,93.90999
7113,104.671776
7114,94.01578
7116,111.30425
7117,97.29543
7118,103.43198
7120,95.237564
7121,102.18986
7123,105.76054
7124,94.34236
7127,105.99408
7131,103.76577
7132,97.11326
7133,91.74625
7134,111.10274
7135,93.075836
7136,110.46093
7137,94.12658
7141,95.65557
7144,100.967766
7147,112.309395
7148,91.58986
7150,91.73153
7151,95.237564
7152,106.65383
7154,94.75262
7156,91.96899
7157,105.71052
7159,116.156975
7161,98.79644
7163,95.21586
7164,106.86205
7167,77.796646
7169,105.66492
7170,95.126755
7173,95.73647
7174,107.04941
7177,112.21578
7178,101.93249
7179,93.65037
7180,79.44684
7181,110.79517
7182,93.76345
7184,94.83019
7185,112.517296
7186,92.287315
7187,115.113075
7188,98.25048
7189,110.55686
7191,99.93019
7193,107.495094
7197,94.277565
7199,95.475
7200,111.39434
7201,93.075836
7204,94.55808
7207,110.57511
7209,109.984215
7210,95.64878
7211,106.03523
7213,96.5186
7214,112.943146
7216,113.04631
7217,100.24063
7220,113.62878
7224,112.126015
7225,97.03032
7226,113.04631
7227,94.35385
7234,112.517296
7236,78.87133
7239,104.99071
7240,92.16187
7242,114.12695
7244,109.63496
7245,90.63348
7247,110.79062
7248,93.86458
7249,115.438545
7250,106.5479
7251,91.74237
7252,108.80743
7253,78.056015
7256,92.86883
7260,93.55704
7261,108.758965
7264,96.14298
7269,108.304115
7270,96.79765
7273,113.73401
7279,92.833824
7281,110.10323
7284,95.81817
7285,102.33736
7286,115.521416
7287,93.2743
7289,94.83019
7292,98.056725
7293,111.16174
7296,96.79169
7297,108.835594
7298,90.49201
7299,112.73834
7301,100.68853
7304,104.774376
7306,106.718925
7308,94.83019
7309,101.947586
7312,94.121445
7313,78.056015
7314,91.52635
7316,91.280846
7319,111.511086
7321,96.61018
7323,96.357506
7324,103.09286
7325,94.58191
7328,103.43277
7330,79.23983
7334,94.55201
7337,111.85267
7338,98.40849
7339,92.664734
7341,90.98576
7342,112.4484
7344,114.88618
7345,110.5568
7347,107.578735
7349,110.10323
7350,96.08975
7353,109.06
7355,113.11975
7356,94.25944
7357,111.12737
7358,93.6525
7360,93.91069
7363,103.55001
7364,93.62521
7366,93.80945
7368,93.6343
7369,111.5826
7370,91.03714
7373,95.4493
7374,108.81489
7375,95.021034
7377,97.97101
7379,94.236885
7380,115.73481
7382,110.43199
7383,95.75637
7385,97.93553
7386,104.41137
7391,98.06552
7394,94.62732
7396,106.5479
7397,96.85352
7399,93.66863
7400,104.45724
7403,77.85893
7405,106.80007
7408,108.82846
7414,109.43762
7416,103.69857
7417,93.689804
7419,95.00987
7420,99.30605
7421,95.16555
7422,94.95064
7423,103.01033
7425,77.02721
7430,92.64085
7432,95.941574
7433,97.00336
7434,110.58606
7436,108.49016
7437,93.380684
7438,106.33918
7440,104.28529
7441,93.499855
7442,114.64494
7445,111.787865
7446,102.34719
7448,109.50048
7450,108.54166
7451,93.55385
7454,102.111
7455,95.29023
7457,111.70803
7459,102.01635
7462,94.983955
7464,93.55385
7465,108.33668
7466,92.936844
7467,105.565544
7469,108.6971
7472,93.41592
7473,112.197044
7479,94.55201
7480,100.70503
7484,108.41973
7491,93.61219
7494,104.15559
7495,94.986946
7501,98.71524
7503,91.595406
7504,104.2677
7505,99.35343
7508,109.53807
7509,92.68053
7510,78.056015
7511,109.08116
7515,96.93719
7516,104.57408
7517,95.52266
7518,103.51353
7519,92.98979
7521,95.97664
7522,99.771675
7524,105.101814
7526,107.76968
7527,96.1057
7528,96.261734
7529,94.75748
7534,107.65119
7537,114.31916
7538,97.18539
7540,99.08186
7541,110.67888
7545,109.91391
7551,110.64412
7553,93.87443
7554,100.73786
7555,95.47629
7561,110.62488
7562,96.74233
7564,97.67448
7565,104.13444
7566,93.48268
7567,107.142166
7569,99.85237
7570,95.01132
7571,112.56715
7572,94.87711
7574,103.50548
7578,108.71318
7579,94.199486
7586,93.510445
7587,78.52753
7590,92.60051
7593,112.197044
7594,95.25702
7595,93.48268
7600,93.61654
7601,82.2165
7602,93.58237
7603,112.929756
7604,92.529625
7606,96.99416
7608,113.2408
7613,77.95259
7615,104.801544
7616,108.622765
7617,111.93506
7618,96.1057
7619,101.99672
7622,94.32335
7623,102.33663
7624,99.62918
7625,105.12477
7626,93.483055
7627,104.108
7628,77.42782
7631,103.19198
7632,100.63397
7633,96.35142
7634,115.72874
7635,95.27624
7636,111.63785
7637,111.63785
7639,93.3237
7640,77.72337
7644,111.39434
7645,91.04825
7648,100.007545
7649,94.57361
7650,110.55896
7652,108.33668
7653,92.611534
7655,94.538185
7659,107.82053
7662,93.568085
7664,91.743004
7666,94.74221
7668,95.77834
7669,105.52264
7670,96.54122
7672,95.75813
7673,106.826645
7678,92.23226
7679,78.56472
7680,103.94096
7683,91.61538
7685,115.521416
7688,95.06046
7690,108.55652
7692,92.80742
7693,93.43825
7695,111.85267
7696,96.03038
7698,97.03736
7699,112.593956
7702,91.00247
7703,111.91901
7704,95.19194
7707,109.08116
7713,78.427345
7715,104.535576
7717,110.85686
7718,93.01286
7719,107.211914
7721,112.00912
7722,94.84728
7725,96.675415
7727,104.97812
7730,80.67877
7733,93.155365
7735,97.864586
7740,111.91901
7741,111.0098
7742,92.970215
7744,109.66648
7747,96.15667
7750,77.045135
7752,109.084915
7754,112.81664
7756,108.74671
7757,97.05515
7758,105.794914
7760,103.895996
7761,94.3194
7763,111.83176
7765,94.515686
7767,111.32503
7768,92.3498
7771,95.01953
7773,92.20377
7774,113.43182
7776,104.80027
7779,93.90814
7783,92.95776
7786,109.363304
7787,102.487114
7789,95.48611
7791,94.4006
7793,97.48587
7794,107.77704
7795,95.73306
7799,77.90586
7800,108.01362
7802,95.45605
7805,108.210396
7807,99.03198
7808,96.12215
7811,100.938225
7817,108.64261
7818,100.261215
7819,95.13406
7822,95.07486
7823,107.312645
7825,112.69783
7828,93.90883
7832,93.55704
7833,77.472916
7834,111.12174
7835,99.67862
7837,93.05031
7840,92.815704
7842,93.83856
7843,108.33709
7844,94.79329
7846,94.3194
7850,95.762634
7853,110.60108
7855,110.88206
7858,94.99733
7863,108.20782
7865,111.55451
7866,96.366035
7868,89.87122
7869,108.03347
7871,77.241005
7872,102.37045
7874,101.52715
7877,111.76596
7878,91.04825
7879,111.73503
7881,92.220604
7883,94.60442
7885,100.66382
7886,93.89427
7889,94.46293
7890,106.81868
7891,93.59239
7893,93.38781
7894,103.82604
7896,110.55896
7898,103.31495
7901,94.466286
7902,107.578735
7904,108.99899
7905,93.62177
7906,101.528076
7909,94.956085
7910,102.30886
7913,92.212906
7918,111.653694
7919,93.075836
7923,91.98531
7925,95.052475
7927,91.360535
7930,94.90918
7932,94.07524
7933,93.6484
7935,92.75256
7939,102.101295
7942,97.35241
7943,99.39695
7945,104.35277
7946,93.507614
7948,95.37714
7949,112.197044
7950,92.04973
7951,111.32503
7955,100.45238
7959,93.62521
7960,111.91901
7961,93.27447
7962,103.00795
7964,102.906525
7965,94.682755
7966,111.39434
7967,103.45513
7968,97.30342
7971,112.15191
7974,93.075836
7976,101.75326
7978,111.551895
7982,111.91901
7983,95.013435
7984,101.93434
7986,92.081665
7989,112.197044
7991,107.578735
7992,110.13715
7993,91.51164
7994,111.45474
7995,93.55704
7997,92.12759
7998,101.93434
7999,108.64261
8002,92.76562
8007,98.94808
8009,96.96337
8011,96.23937
8013,94.98957
8015,104.55716
8017,112.30218
8019,115.521416
8023,98.2163
8024,112.4484
8026,113.701454
8027,93.04417
8029,95.2538
8030,105.2839
8031,93.63627
8033,99.3801
8035,95.176216
8036,109.56182
8039,103.06489
8042,91.77034
8044,93.11591
8046,79.96454
8048,108.59435
8049,93.62177
8050,101.84903
8053,95.59026
8054,93.27226
8059,94.028946
8061,95.003
8062,104.35799
8064,112.69953
8066,104.52022
8067,93.21248
8068,93.90661
8070,94.114525
8071,110.67849
8072,92.62033
8076,91.71914
8080,91.67553
8081,110.25497
8084,99.9406
8087,110.967804
8089,91.82257
8090,115.81828
8091,100.67294
8094,111.182526
8100,91.14141
8101,94.5861
8110,92.67825
8111,107.578735
8112,99.66695
8115,104.31744
8116,94.42651
8118,112.69953
8121,116.541214
8125,111.28176
8127,107.99486
8128,94.3156
8129,107.68967
8131,92.64241
8138,96.5181
8139,101.57906
8140,94.60978
8141,92.20377
8142,111.29649
8143,109.29969
8145,113.701454
8146,93.71136
8148,110.02822
8153,109.898476
8154,91.66702
8155,111.407135
8161,94.76237
8162,109.10062
8163,92.71847
8166,112.07049
8168,110.34007
8170,93.155945
8172,108.05778
8173,93.075836
8176,101.951935
8179,94.324265
8181,94.11657
8182,116.244995
8184,110.520325
8190,104.319214
8191,94.43583
8194,109.20941
8196,108.02122
8198,110.9995
8199,111.16174
8201,109.10157
8202,94.80606
8207,94.51187
8208,107.33119
8211,109.439285
8214,107.71895
8217,92.95433
8218,107.976326
8222,96.636765
8229,114.95612
8231,94.876175
8233,98.45612
8236,94.01527
8238,111.84053
8240,100.778175
8243,110.088104
8246,113.5009
8250,92.98779
8254,95.42292
8256,80.753456
8257,110.0335
8258,93.08113
8260,94.25888
8261,114.75378
8263,115.35864
8264,96.597176
8267,114.75215
8268,93.96047
8271,94.23367
8272,107.33119
8275,97.561035
8276,95.45194
8277,108.903824
8278,116.87472
8279,94.1237
8280,109.0686
8281,96.18519
8282,110.37831
8287,110.52717
8288,95.69595
8289,112.73676
8294,96.70384
8296,98.622116
8299,109.79535
8302,101.44158
8308,110.80842
8314,102.56758
8315,95.82528
8316,106.538246
8317,94.47819
8319,110.93279
8320,87.63842
8321,117.12724
8323,94.22194
8325,96.99698
8326,109.12834
8328,107.28748
8330,112.21516
8331,94.32224
8332,109.574554
8334,99.45122
8338,93.9225
8339,94.715195
8341,93.86192
8345,111.005135
8346,94.614456
8347,104.58193
8349,94.44945
8351,95.17122
8352,111.838905
8353,107.28748
8355,110.891884
8358,108.10744
8359,114.08352
8360,93.09958
8361,110.34611
8363,101.575615
8364,93.46347
8365,95.22442
8366,103.674904
8370,112.19127
8372,94.85297
8376,96.1309
8377,111.11372
8379,107.53117
8380,91.5203
8381,107.283035
8386,94.18365
8388,98.78966
8389,94.92323
8391,110.92234
8394,95.42292
8396,103.73878
8398,106.24009
8400,113.02158
8401,95.07436
8404,93.86192
8407,95.64818
8408,109.60775
8409,108.98072
8410,103.246086
8411,95.84613
8413,94.16247
8414,108.30213
8416,96.69629
